int A inverse:
-----------
1/129792 * 

1440 -882 1146 -882 -1940 1146 -926 132 1146 132 1440 720 1146 -882 2160 382 -294 -882 132 1146 4188 -2660 132 1146 -882 -882 132 -882 132 132 2160 132 132 1146 2160 1440 426 -882 132 2160 -882 132 -882 -882 -882 -882 132 426 1440 -588 -882 1440 2454 1440 -882 -882 132 -2954 132 -2954 2160 -1940 1146 -588 -588 2160 -1940 1146 132 -1646 132 1146 2160 132 -1940 -882 132 2160 -882 -926 -1940 -882 -882 132 -2954 132 1146 132 -1940 132 1146 132 426 132 -882 132 2160 -882 -882 2160 -4012 -2660 -882 -588 132 -882 132 -926 132 132 2454 426 
-882 -1323 -1323 -309 2160 -1323 -882 -309 -309 1719 3174 573 -309 705 -309 573 1587 -309 2733 -309 1719 573 -309 -309 -309 -309 -309 -1323 -309 705 -1323 705 -309 -1323 -309 132 132 -1323 -309 705 -309 -309 -1323 -309 -1323 -1323 -309 1146 132 132 -1323 -882 132 -882 -1323 1719 -309 132 -309 1146 -309 132 705 1146 -882 705 132 -1323 -309 1587 -1323 -309 -1323 -1323 3174 -309 -1323 705 705 132 -882 -309 1719 -309 132 -309 -1323 -309 132 705 705 705 132 -1323 -309 705 705 4761 -309 -309 -441 573 -309 132 -309 -1323 -309 132 -1323 2733 -882 1146 
1146 -1323 705 -309 132 -1323 1146 -1323 -1323 -309 -882 573 3747 -1323 -1323 -441 573 -309 -309 1719 705 1587 -1323 1719 -1323 -1323 1719 1719 705 1719 705 -1323 -309 -309 -309 132 132 705 -1323 1719 -1323 -309 -1323 705 -1323 -309 -309 -882 132 132 1719 1146 2160 -882 -309 705 705 1146 705 1146 -1323 1146 -1323 132 2160 -309 132 -309 -309 -441 -309 705 -1323 -309 132 -309 -309 -1323 2733 -882 -882 -1323 -1323 -309 2160 -309 -309 -1323 132 705 -309 705 1146 -1323 -1323 705 -1323 -309 1719 -309 573 573 -1323 1146 -1323 -309 -1323 132 -1323 705 1146 -882 
-882 -309 -309 -1323 1146 -1323 2160 -309 705 2733 -882 573 -309 -1323 -1323 573 -441 -1323 -309 -309 -1323 573 1719 705 705 -1323 705 705 1719 -309 -309 705 -309 705 -309 132 1146 -1323 -309 705 -309 -309 -309 -1323 -309 -309 -309 3174 -882 1146 705 1146 132 1146 705 -1323 -1323 1146 -309 3174 -1323 -882 -309 1146 132 705 -882 -1323 -1323 -441 -309 -309 705 -1323 -882 -1323 705 1719 -309 132 -882 -309 -309 -309 -882 1719 -309 -1323 132 -309 705 -1323 2160 2733 1719 -1323 -1323 -309 -309 705 2601 -441 -309 132 -309 -1323 -309 -882 -1323 -309 -882 2160 
-1940 2160 132 1146 3468 2160 -588 1146 132 -882 -926 -5026 1146 132 132 -1646 -1646 132 -882 132 132 1734 132 1146 -882 2160 1146 -882 2160 132 -882 2160 -882 -882 132 -588 1440 1146 1146 132 -882 3174 1146 132 -882 132 132 88 -1940 -2954 -882 -926 -1940 -926 132 -882 132 1440 1146 -588 1146 1440 2160 -926 -2954 1146 426 -882 -882 -1646 132 132 132 -882 -588 132 2160 2160 132 426 426 132 -882 -882 2454 1146 -882 -882 1440 1146 -882 -882 -2954 -882 -882 -882 -882 132 2160 -882 -294 -2660 1146 -1940 132 1146 -882 426 132 132 1440 -588 
1146 -1323 -1323 -1323 2160 705 -882 -1323 1719 -1323 -882 1587 -1323 -309 -309 573 -441 1719 -309 -1323 705 -441 -1323 705 -309 705 705 -309 -309 -1323 -1323 -1323 -309 1719 -1323 2160 1146 705 1719 705 705 -1323 1719 -1323 705 -309 -1323 132 2160 -882 -1323 1146 132 1146 -1323 705 -309 1146 1719 2160 -309 132 -309 132 132 -309 132 -309 -309 573 705 1719 -309 -309 2160 705 -1323 -309 -1323 -882 -882 -309 -309 -309 1146 705 -1323 -1323 1146 -1323 -309 705 132 705 705 2733 -1323 -1323 705 -1323 -441 573 -1323 -882 -1323 -309 2733 132 -1323 -1323 132 132 
-926 -882 1146 2160 -588 -882 -588 2160 1146 2160 -1940 -4012 132 132 3174 -2660 -1646 -882 132 -882 1146 1734 -882 132 132 2160 132 132 132 -882 2160 132 -882 -882 2160 -588 426 -882 1146 -882 1146 -882 3174 132 -882 -882 1146 -2954 -1940 -1940 1146 -926 -1940 -2954 1146 -882 -882 426 1146 1440 -882 1440 132 -1940 -1940 132 426 1146 132 -2660 132 1146 1146 132 1440 132 -882 -882 -882 1440 426 -882 132 1146 3468 2160 132 1146 -588 -882 132 132 -1940 1146 2160 -882 132 1146 -882 -882 720 -1646 -882 88 -882 132 -882 426 -882 1146 1440 426 
132 -309 -1323 -309 1146 -1323 2160 705 -1323 -309 1146 1587 -1323 -1323 -309 -441 1587 -309 -309 -309 -1323 573 -309 705 1719 -1323 -1323 -309 705 705 705 -1323 -309 -309 705 1146 -882 -309 705 -1323 2733 -309 1719 705 -309 -1323 -1323 2160 -882 1146 -1323 1146 1146 -882 -309 -309 705 132 -309 132 -309 2160 -309 132 -882 705 132 -309 -1323 -441 2733 705 -1323 -309 -882 -309 705 -1323 -309 -882 2160 -309 -309 -1323 132 -1323 -309 -309 3174 -1323 -1323 2733 1146 705 -1323 -309 2733 -309 -309 -309 -441 -441 -309 -882 705 -1323 -1323 132 -309 705 1146 -882 
1146 -309 -1323 705 132 1719 1146 -1323 -1323 1719 132 573 -1323 1719 -1323 1587 1587 -309 -1323 1719 705 573 705 1719 705 -1323 -309 -1323 -309 -309 -309 1719 -309 705 -1323 1146 132 -309 -1323 -1323 -1323 -309 1719 -1323 -309 -1323 -309 -882 132 132 -309 132 2160 1146 705 -309 -309 3174 -309 132 705 1146 -309 -882 -882 705 132 705 3747 573 -309 -309 -1323 -1323 132 -309 -309 -1323 -1323 -882 -882 705 705 3747 1146 -1323 -309 -309 132 705 -1323 -309 1146 -309 -309 -1323 -309 -309 -1323 -1323 573 -441 -1323 132 -309 705 -1323 -882 705 -309 -882 132 
132 1719 -309 2733 -882 -1323 2160 -309 1719 -1323 -882 3615 -1323 -1323 -309 573 573 1719 -309 1719 1719 573 -309 -309 -309 -1323 -1323 -309 -1323 -1323 -309 -309 -1323 705 -1323 1146 132 -309 705 1719 705 -1323 705 -309 -1323 -1323 705 2160 -882 -882 -1323 -882 -882 132 -1323 -309 -309 132 -1323 1146 705 -882 -309 132 -882 -1323 1146 1719 -309 1587 705 -309 705 705 -882 -1323 -309 -309 2733 2160 132 -309 1719 -1323 1146 -309 -309 -309 -882 1719 -1323 -1323 132 -309 -309 -309 -1323 -309 705 -1323 573 -441 705 1146 -309 705 -1323 132 -309 705 132 132 
1440 3174 -882 -882 -926 -882 -1940 1146 132 -882 -588 -294 132 132 132 -1646 1734 132 2160 1146 1146 -632 1146 1146 132 2160 -882 -882 -882 2160 3174 -882 1146 132 132 -588 426 132 132 132 -882 132 3174 -882 1146 132 -882 -588 426 2454 132 -588 426 1440 2160 -882 1146 -1940 132 -1940 132 -1940 1146 -588 3468 1146 -1940 1146 -882 -632 132 -882 132 132 -2954 132 -882 1146 1146 -1940 -2954 3174 2160 -882 -2954 1146 -882 -882 -1940 132 -882 132 426 132 132 1146 132 1146 132 132 -4012 -1646 -882 426 -882 -882 132 -1940 -882 -882 426 426 
720 573 573 573 -5026 1587 -4012 1587 573 3615 -294 -147 573 573 1587 -4879 2895 573 -441 -441 573 -3865 573 1587 1587 573 573 573 573 573 -441 1587 1587 573 1587 -294 1734 573 -441 1587 3615 -441 573 -441 573 3615 -441 2748 1734 720 573 720 720 720 -441 1587 3615 -2998 -441 -5026 1587 -5026 -441 720 -294 573 -4012 1587 -441 -2851 -441 573 573 1587 -4012 573 573 573 573 -5026 -5026 573 573 573 -1984 -441 573 -441 -4012 1587 573 1587 -294 1587 573 -441 -441 573 1587 1587 -9611 -2851 573 2748 573 573 1587 -4012 573 573 720 -294 
1146 -309 3747 -309 1146 -1323 132 -1323 -1323 -1323 132 573 -1323 -309 705 1587 1587 -309 705 705 -1323 -441 705 705 -309 -309 -1323 -309 1719 -309 -309 -309 -309 -309 -309 132 2160 1719 -1323 705 705 -1323 -1323 -309 -309 -309 705 132 1146 1146 -309 -882 -882 132 1719 -309 -309 -882 -309 -882 -1323 132 -1323 -882 1146 705 2160 -1323 3747 1587 -309 705 705 -1323 1146 -309 -1323 1719 -309 1146 1146 -1323 -309 -1323 1146 -309 -309 -1323 1146 -1323 -1323 -309 -882 2733 -1323 -1323 -309 705 -309 -1323 -441 -441 705 1146 705 -309 705 -882 -1323 -309 132 -882 
-882 705 -1323 -1323 132 -309 132 -1323 1719 -1323 132 573 -309 705 2733 -441 573 -1323 -309 -1323 -1323 573 705 -1323 705 -309 -1323 -1323 2733 -309 -1323 705 705 -309 1719 1146 132 -309 -1323 1719 -309 -309 -309 -309 -1323 -309 -1323 -882 132 2160 705 1146 132 1146 -1323 705 -309 1146 705 132 -309 4188 -1323 132 1146 -1323 1146 -309 -309 1587 -1323 -309 1719 -309 -882 -1323 -309 -309 -309 132 2160 -1323 1719 -309 132 -309 705 -309 -882 2733 -309 705 1146 -1323 705 1719 -1323 -309 -1323 -309 -441 573 -309 -882 -309 705 -1323 -882 -309 -1323 132 132 
2160 -309 -1323 -1323 132 -309 3174 -309 -1323 -309 132 1587 705 2733 705 -441 573 -309 -309 -1323 -309 573 -1323 -309 -309 705 705 -1323 1719 -309 705 -309 705 -1323 -1323 1146 132 -1323 -309 -309 705 705 705 -1323 1719 705 -1323 132 132 132 -309 1146 132 -882 -309 705 -1323 132 -309 132 -309 -882 -1323 132 1146 -309 132 1719 705 -441 1719 -309 -309 -1323 1146 -1323 -1323 705 -309 2160 -882 -309 -1323 -309 -882 -309 -309 705 1146 1719 2733 -1323 -882 -309 -1323 -1323 -1323 -309 -309 -1323 -441 1587 3747 132 -1323 -1323 -1323 2160 -309 -309 132 132 
382 573 -441 573 -1646 573 -2660 -441 1587 573 -1646 -4879 1587 -441 -441 -2851 -1499 2601 2601 -441 573 -485 573 573 1587 573 573 573 573 573 573 573 573 1587 573 -294 1734 1587 573 573 1587 573 1587 -441 1587 -441 1587 -1646 -1646 -2660 4629 -1646 -2660 382 -441 2601 -441 -2660 -441 -1646 -441 -1646 573 -1646 -1646 573 -1646 573 1587 -4879 573 573 3615 -441 -632 -441 1587 573 1587 -2660 -2660 573 573 -441 -2660 -441 573 573 382 573 573 1587 -632 -441 1587 -441 1587 573 -441 -441 -2851 -3865 1587 -2660 573 1587 -441 -2660 3615 2601 1734 -294 
-294 1587 573 -441 -1646 -441 -1646 1587 1587 573 1734 2895 1587 573 573 -1499 -6231 2601 2601 1587 573 -9611 -441 573 2601 -441 573 573 2601 1587 -441 573 1587 1587 -441 -7392 -4350 -441 -441 -441 573 573 573 1587 1587 573 1587 -294 1734 -294 1587 720 720 -294 573 -441 573 -2660 2601 -1646 1587 -1646 1587 1734 1734 573 -2660 -441 -441 -485 2601 -441 573 1587 -1646 573 573 1587 -441 -632 -632 -441 573 4629 -632 1587 573 573 -1646 573 -441 573 -294 573 573 573 573 -441 573 573 -3865 -2513 573 720 -441 573 -441 -1646 573 1587 -7392 -7392 
-882 -309 -309 -1323 132 1719 -882 -309 -309 1719 132 573 -309 -1323 -309 2601 2601 705 -1323 -309 -309 1587 705 705 -309 705 -1323 -1323 -309 -1323 705 -309 -1323 -309 -1323 -882 -882 -1323 -309 -309 -309 -1323 -309 3747 -1323 -309 -1323 1146 2160 -882 2733 132 132 -882 -309 705 -309 -882 1719 132 -309 1146 705 132 2160 -309 -882 705 -309 573 705 1719 -309 -1323 1146 -309 -309 -1323 -309 3174 132 705 705 -1323 -882 -1323 -309 -309 132 1719 705 -309 -882 705 -309 -1323 -309 -1323 1719 -309 573 -441 -1323 -882 1719 -309 -309 132 -309 -1323 -882 1146 
132 2733 -309 -309 -882 -309 132 -309 -1323 -309 2160 -441 705 -309 -309 2601 2601 -1323 -1323 -1323 705 -441 -309 705 705 -1323 -1323 2733 -1323 -1323 705 -309 -309 705 -309 -882 3174 -309 -309 705 -309 -309 -309 -1323 -309 -1323 -309 132 -882 132 -309 2160 -882 132 -309 705 -1323 1146 2733 132 -1323 1146 -1323 2160 -882 -309 1146 2733 -1323 -441 -1323 -1323 -309 -1323 132 705 -1323 -309 705 -882 1146 -309 705 705 -882 705 705 705 1146 -1323 -309 -1323 -882 -1323 -309 -309 705 -309 705 -309 573 573 705 132 705 -309 1719 1146 -1323 -309 -882 -882 
1146 -309 1719 -309 132 -1323 -882 -309 1719 1719 1146 -441 705 -1323 -1323 -441 1587 -309 -1323 -1323 -309 573 -309 1719 705 705 705 1719 -1323 -309 -1323 -309 -309 -309 1719 1146 132 -309 705 -309 -1323 705 -1323 -1323 -309 -309 -1323 132 132 132 -1323 -882 2160 132 705 2733 -309 2160 -1323 -882 -309 -882 705 132 1146 -309 1146 -309 -309 3615 3747 -309 705 -309 -882 -1323 -1323 -309 -309 2160 2160 705 -1323 -309 -882 -309 -309 705 132 -1323 -309 -309 -882 -1323 1719 -309 -309 -309 -309 -1323 573 573 -309 -882 -1323 705 -1323 -882 -309 -309 -882 132 
4188 1719 705 -1323 132 705 1146 -1323 705 1719 1146 573 -1323 -1323 -309 573 573 -309 705 -309 705 573 -309 -1323 -1323 -1323 705 -1323 705 705 -309 705 -1323 -309 -1323 -882 -882 -309 -1323 -309 705 -309 -1323 1719 1719 -309 -1323 -882 132 1146 -309 -882 -882 132 -309 -309 -309 2160 -309 2160 705 132 705 2160 -882 -309 132 -1323 -1323 573 -1323 705 -309 -309 132 -309 -309 -1323 1719 132 2160 705 -309 705 -882 705 -1323 1719 -882 -1323 -309 705 -882 705 -309 -1323 -1323 -309 -1323 -309 -441 573 -309 132 -309 705 705 132 -309 -1323 4188 -882 
-2660 573 1587 573 1734 -441 1734 573 573 573 -632 -3865 -441 573 573 -485 -9611 1587 -441 573 573 -6231 1587 573 573 573 2601 -441 573 -441 2601 573 2601 573 1587 -4350 -7392 573 1587 2601 1587 1587 573 573 573 573 573 -632 -1646 -1646 1587 -1646 -1646 -1646 1587 1587 1587 720 573 -294 1587 2748 -441 -2660 -1646 1587 720 573 -441 -1499 573 -441 -441 -441 1734 1587 573 573 1587 -294 -294 1587 573 -441 -294 573 573 3615 -294 573 1587 1587 -2660 573 -441 -441 -441 573 -441 -441 2895 -2513 -441 382 -441 2601 2601 -294 573 573 -7392 -7392 
132 -309 -1323 1719 132 -1323 -882 -309 705 -309 1146 573 705 705 -1323 573 -441 705 -309 -309 -309 1587 705 -1323 -1323 -1323 -1323 -1323 -309 -309 -309 -1323 705 3747 -309 132 1146 1719 -309 -309 705 -309 -309 705 -309 -309 -1323 -882 132 2160 -309 1146 1146 -882 1719 -309 -309 2160 1719 132 705 -882 705 -882 -882 705 -882 -1323 -309 1587 -1323 -309 1719 705 -882 -309 705 -1323 -1323 1146 132 -1323 705 -1323 132 -1323 -309 -309 2160 -1323 3747 -309 -882 -1323 -309 -1323 -309 705 705 -309 573 573 -309 3174 -309 -1323 -1323 132 -309 -1323 132 132 
1146 -309 1719 705 1146 705 132 705 1719 -309 1146 1587 705 -1323 -309 573 573 705 705 1719 -1323 573 -1323 705 -1323 1719 -1323 -309 705 705 -309 -1323 705 705 705 -882 -882 -1323 -309 -1323 705 -309 -309 -1323 -309 2733 -1323 132 -882 132 -1323 -882 2160 132 -1323 705 -309 -882 -309 -882 -1323 2160 -309 2160 -882 -1323 -882 -309 705 -441 -1323 705 -309 -309 132 -1323 -1323 -309 -309 -882 -882 -309 2733 705 132 -309 705 -309 1146 -1323 -309 -309 132 -1323 -1323 -1323 -309 -1323 -309 -309 3615 -441 1719 132 -309 705 705 132 -1323 -1323 132 3174 
-882 -309 -1323 705 -882 -309 132 1719 705 -309 132 1587 -309 705 -309 1587 2601 -309 705 705 -1323 573 -1323 -1323 -1323 -309 705 -309 -1323 -1323 -309 2733 705 -309 -1323 -882 1146 -309 -1323 705 -1323 -309 -309 -1323 705 -309 -309 132 -882 -882 -309 -882 1146 132 -1323 705 -309 2160 -309 132 -309 1146 1719 -882 3174 705 1146 -1323 -1323 -441 -309 1719 705 705 132 -1323 705 -1323 -309 -882 132 -309 -1323 -1323 1146 -309 705 705 -882 -309 705 -309 132 2733 -1323 705 3747 -309 -309 -1323 1587 573 1719 132 -1323 -309 705 -882 -1323 -1323 132 -882 
-882 -309 -1323 -1323 2160 705 2160 -1323 -1323 -1323 2160 573 -309 -309 705 573 -441 705 -1323 705 -1323 573 -1323 1719 -309 -1323 -309 705 -309 -309 -309 -1323 -309 -1323 1719 132 2160 -309 -1323 705 -1323 -309 1719 2733 -309 2733 1719 132 132 1146 -309 132 -882 132 -1323 -309 705 132 -309 132 -309 -882 1719 132 -882 1719 -882 705 -309 573 -309 1719 1719 -309 132 -1323 -1323 -1323 705 132 132 -309 -309 -309 132 -309 -1323 705 -882 -1323 -1323 -1323 132 -309 705 -309 705 705 -1323 -1323 573 3615 -309 1146 -1323 -309 -309 -882 1719 -1323 -882 1146 
132 -309 1719 705 1146 705 132 -1323 -309 -1323 -882 573 -1323 -1323 705 573 573 -1323 -1323 705 705 2601 -1323 -1323 705 -309 2733 -1323 -1323 -309 -309 -1323 2733 1719 1719 -882 1146 -1323 -309 -309 -1323 -309 705 705 705 -1323 705 1146 -882 1146 1719 1146 -882 -882 -1323 -309 -1323 1146 -309 -882 705 132 -309 2160 -882 -1323 -882 -1323 705 2601 -309 -1323 -1323 705 1146 -1323 -1323 -309 -1323 132 -882 1719 -309 -309 -882 -309 1719 -1323 132 -309 -309 705 1146 1719 -309 -309 705 705 1719 -309 -441 1587 705 -882 -309 705 -1323 1146 -1323 -309 132 -882 
-882 -1323 1719 705 -882 -309 132 -309 -1323 -309 -882 573 -309 -1323 -1323 573 573 -1323 2733 1719 -1323 -441 -1323 -309 -309 705 -1323 -1323 -309 1719 -309 705 -309 -309 -1323 1146 1146 -309 1719 705 1719 705 -309 705 -309 -309 -309 132 3174 -882 -309 1146 132 -882 705 705 -1323 2160 -309 1146 705 1146 -309 1146 -882 -309 -882 705 -309 573 705 -1323 705 -1323 -882 -309 -309 705 -1323 -882 -882 705 -309 -1323 132 705 1719 705 132 1719 -1323 -1323 -882 -1323 705 -309 705 -309 -1323 -309 1587 4629 -1323 132 705 -1323 -309 -882 -309 -1323 1146 -882 
132 -309 705 1719 2160 -309 132 705 -309 -1323 -882 573 1719 2733 1719 573 2601 -309 -1323 -1323 705 573 -309 705 -1323 -309 -1323 -309 2733 705 -309 -309 -1323 2733 -1323 -882 -882 -309 -1323 705 -309 -309 -309 1719 1719 -1323 -1323 2160 132 -882 705 -882 132 132 -1323 705 -309 132 -1323 132 705 132 -1323 -882 132 705 132 -309 -309 1587 -309 -1323 -1323 705 132 705 -1323 -1323 -1323 -882 1146 705 -1323 -1323 -882 1719 -309 -309 -882 -1323 -1323 -1323 1146 -1323 1719 -309 705 -1323 -1323 -309 1587 573 -309 1146 -309 -1323 705 132 705 1719 132 1146 
132 705 1719 -309 132 -1323 -882 705 -309 -1323 2160 573 -309 -309 -309 573 1587 -1323 -1323 -309 705 -441 -309 705 -1323 -309 -309 1719 705 -1323 -309 -1323 1719 -309 -309 1146 132 -309 -1323 -1323 -309 -309 -309 -309 705 -309 -309 132 132 132 705 -882 132 1146 705 -309 -309 132 -1323 2160 -1323 -882 3747 132 -882 -1323 132 705 -309 573 -1323 -1323 -1323 1719 1146 -309 -309 -309 -1323 132 -882 -1323 -309 -1323 1146 705 -1323 1719 3174 4761 -309 1719 1146 705 -309 -309 -309 -1323 -1323 -309 573 573 -1323 132 -309 -309 -309 132 705 -1323 132 132 
2160 -1323 705 -309 -882 -1323 2160 705 -309 -309 3174 -441 -309 -1323 705 573 -441 705 705 -1323 -309 2601 -309 -309 -309 -309 -309 -309 -309 -309 -1323 1719 705 -309 -1323 1146 132 705 -1323 -309 705 -1323 -309 -309 -1323 705 705 132 1146 132 -309 132 132 132 -1323 -1323 705 132 -309 132 -1323 1146 -309 -882 132 -1323 132 705 -309 1587 -309 -1323 -1323 -309 132 -309 705 -309 -309 1146 132 2733 -309 -309 1146 3747 1719 -1323 132 -1323 1719 -1323 2160 -1323 -1323 -309 705 -309 1719 -1323 -441 -441 -1323 -882 -309 -1323 705 -882 2733 -1323 -882 132 
132 705 -1323 705 2160 -1323 132 -1323 1719 -309 -882 1587 -309 705 -309 573 573 -309 -309 -309 705 573 -1323 -1323 2733 -1323 -1323 705 -309 -1323 1719 705 -1323 -1323 -309 1146 132 -309 -1323 -1323 -309 1719 -1323 -309 -309 -1323 -1323 132 132 132 2733 -882 2160 132 705 -1323 705 132 -309 132 -1323 132 705 132 -882 -1323 -882 705 705 573 -309 1719 -1323 -309 -882 -309 -309 1719 -1323 1146 132 -309 -309 -1323 1146 705 705 -1323 -882 -1323 -309 1719 -882 -1323 -1323 -1323 -309 705 705 1719 573 3615 705 132 -1323 705 2733 -882 705 -309 132 132 
132 -309 -309 -309 -882 -309 -882 -309 -309 -1323 1146 1587 -309 705 705 573 1587 -1323 -309 -309 -1323 2601 705 705 705 -309 2733 -309 -1323 1719 705 -1323 2733 -309 -1323 -882 -882 705 -1323 705 -309 705 -309 -309 -309 -309 -309 3174 1146 -882 -1323 132 -882 1146 705 -309 -1323 132 -309 2160 -309 -882 -309 -882 132 -1323 132 705 -1323 573 -309 3747 -309 -309 132 1719 -1323 705 -1323 132 1146 -1323 1719 705 1146 -1323 1719 -309 132 -1323 -309 -1323 -882 -1323 -309 -309 -1323 705 -1323 705 1587 -441 -309 -882 -309 -309 -1323 -882 1719 -309 1146 -882 
1146 -1323 -309 705 -882 1719 -882 -309 705 705 132 573 -309 -309 -1323 1587 1587 -309 705 -309 -309 573 3747 705 -309 -1323 1719 -309 2733 -309 -309 -1323 -309 -1323 -309 -882 2160 -309 2733 -309 -309 705 -309 705 705 -1323 -309 -882 -882 1146 -309 132 -882 1146 -1323 -1323 -1323 -882 -1323 -882 -1323 132 -1323 -882 -882 705 132 -309 -1323 1587 705 -309 -1323 -309 132 -1323 -309 -1323 705 2160 -882 705 705 -309 3174 -309 705 705 132 -309 -309 705 132 -1323 -1323 1719 705 -1323 -1323 1719 573 1587 705 1146 -1323 -1323 705 132 -309 -1323 -882 132 
2160 -309 -309 -309 132 -1323 2160 705 -1323 -1323 132 1587 -309 1719 -1323 573 -441 -1323 -309 1719 -1323 1587 -309 705 -1323 1719 1719 -1323 -1323 -309 -1323 -309 -1323 -309 705 132 1146 -309 -309 1719 -309 705 -309 -1323 -309 -309 -309 -882 132 132 1719 132 132 132 -1323 -309 -309 -882 -309 -882 -309 -882 -309 1146 132 -1323 132 705 -1323 1587 -309 -309 -1323 -1323 132 -309 2733 -309 -1323 1146 2160 -1323 1719 705 132 -1323 -1323 -1323 132 705 -309 1719 -882 -309 3747 -1323 1719 -309 -309 -309 573 -441 -1323 1146 705 -1323 2733 132 -309 -309 132 132 
1440 132 132 132 -588 2160 -588 1146 1146 1146 -588 -294 132 1146 1146 -294 -7392 -882 -882 1146 -882 -4350 132 -882 -882 132 -882 1146 -882 1146 1146 1146 -882 -882 132 -6672 -7686 132 -882 1146 -882 132 132 132 1146 -882 1146 2454 1440 426 -882 426 426 -588 132 -882 132 426 132 1440 132 1440 1146 1440 426 132 -588 132 2160 1734 1146 132 2160 132 426 -882 -882 132 2160 426 426 132 132 132 426 -882 132 132 4482 132 132 132 2454 -882 1146 1146 132 132 132 1146 -294 720 1146 1440 132 -882 3174 426 132 132 -7686 -7686 
426 132 132 1146 1440 1146 426 -882 132 132 426 1734 2160 132 132 1734 -4350 -882 3174 132 -882 -7392 1146 -882 1146 2160 1146 1146 -882 132 132 132 -882 2160 1146 -7686 -6672 1146 1146 132 132 132 132 132 -882 1146 -882 426 -588 426 -882 1440 426 426 132 132 1146 426 -882 426 132 -588 132 426 -588 132 426 2160 2160 -294 -882 2160 132 132 426 -882 1146 -882 132 426 2454 1146 -882 -882 426 2160 -882 -882 -588 1146 1146 1146 1440 1146 132 132 -882 1146 -882 132 720 720 -882 -588 132 132 -882 3468 1146 -882 -7686 -7686 
-882 -1323 705 -1323 1146 705 -882 -309 -309 -309 132 573 1719 -309 -1323 1587 -441 -1323 -309 -309 -309 573 1719 -1323 -309 -309 -1323 -309 -309 -309 705 -309 705 -309 -309 132 1146 -1323 -1323 -309 2733 705 1719 -1323 -1323 -309 2733 132 -882 132 705 -882 4188 132 -1323 -309 -309 -882 705 2160 705 -882 -1323 132 132 -1323 132 705 -309 2601 -1323 705 -309 705 1146 705 1719 -309 -309 132 2160 2733 -1323 -309 132 -1323 -1323 1719 132 -309 -1323 -1323 132 -309 -309 705 -1323 -309 -309 -1323 -441 573 1719 132 -309 -1323 -309 -882 -1323 -309 1146 132 
132 -309 -1323 -309 1146 1719 1146 705 -1323 705 132 -441 -1323 -1323 -309 573 -441 -309 -309 705 -1323 1587 -309 -309 -1323 -1323 -309 1719 -1323 -1323 -1323 -1323 -1323 2733 -309 -882 1146 -1323 -1323 -309 2733 1719 -309 -309 1719 -309 -309 132 1146 132 -1323 1146 1146 132 1719 -1323 -1323 -882 -1323 -882 1719 1146 -309 2160 3174 -309 2160 705 -309 573 -1323 -309 -309 -309 132 705 -1323 -309 -309 2160 -882 -1323 -1323 -1323 1146 705 705 -309 -882 705 -309 1719 132 -1323 -309 705 -309 1719 -1323 -309 573 -441 -309 -882 -1323 705 -309 -882 705 705 132 1146 
2160 705 1719 705 132 705 -882 -1323 -1323 1719 132 1587 705 1719 -309 573 -441 -309 705 -309 -309 2601 -309 -1323 705 705 -309 705 705 -1323 -309 -1323 705 -309 1719 1146 132 -309 -309 -1323 705 -309 -1323 -1323 -1323 -1323 705 1146 132 132 -1323 -882 132 -882 -1323 -309 -1323 132 705 2160 705 1146 -309 132 2160 3747 1146 -309 -1323 -441 -309 -1323 -309 1719 -882 -309 705 -309 -309 132 -882 -1323 1719 -309 -882 -1323 -1323 -1323 -882 -309 -1323 -309 -882 705 -1323 -309 -309 -1323 705 -1323 573 2601 -1323 -882 -309 -309 705 1146 2733 -309 -882 132 
-882 -309 -1323 -309 -882 705 1146 2733 -1323 705 -882 3615 705 -309 705 1587 573 -309 -309 -1323 705 1587 705 705 -1323 -1323 -1323 1719 -309 -309 705 -309 -309 -309 -309 -882 132 2733 2733 705 -1323 -309 -1323 -1323 1719 2733 705 132 1146 1146 705 132 132 -882 -1323 705 -1323 132 705 1146 -309 2160 705 -882 -882 -1323 132 -1323 705 573 -309 -1323 -1323 705 132 -1323 705 1719 -1323 1146 132 705 -309 -309 -882 -1323 -309 -309 132 -1323 -1323 705 132 -309 -309 -1323 -1323 1719 -1323 -1323 -441 573 -1323 -882 -1323 705 -309 132 -309 -309 1146 132 
132 -309 -309 -309 3174 -1323 -882 -309 -309 -1323 132 -441 -1323 -309 705 573 573 -1323 -309 705 -309 1587 -309 -309 -309 -309 -309 705 -309 -309 -1323 1719 705 705 705 132 132 705 1719 -309 -309 -1323 -309 -309 705 -1323 -309 1146 5202 2160 705 -882 1146 132 -1323 -309 -309 132 -1323 132 -1323 132 705 132 132 -1323 132 1719 -309 -441 -309 -1323 705 -309 -882 1719 1719 -1323 2733 132 132 -309 -309 1719 1146 -1323 -309 705 -882 -1323 705 -309 -882 705 -1323 -1323 -309 -1323 -1323 705 573 573 705 -882 -1323 -1323 -1323 2160 -1323 705 -882 1146 
-882 -1323 -1323 -309 1146 1719 3174 1719 1719 705 3174 573 -1323 -309 705 1587 573 -309 -309 -1323 -1323 573 -309 -309 -309 1719 705 -309 -309 -309 -309 -1323 -309 -309 -309 132 132 1719 -309 -1323 -1323 -309 -1323 -309 705 -1323 -309 132 -882 -882 1719 -882 1146 -882 1719 -309 705 132 -309 132 -1323 -882 -1323 1146 132 705 -882 1719 705 2601 -309 -1323 705 705 -882 -309 705 -309 705 -882 -882 -1323 705 -309 132 -309 705 -1323 132 -309 -309 -1323 -882 705 -1323 2733 -1323 -1323 -1323 -1323 573 1587 -1323 132 1719 -309 -309 132 -1323 1719 2160 -882 
-882 -309 705 -1323 132 -1323 132 705 -1323 -309 -882 -441 -309 -309 -1323 -441 1587 3747 -1323 -1323 1719 573 705 -1323 -1323 2733 705 705 1719 -309 -309 -309 -309 705 -1323 132 132 -1323 -309 -1323 -1323 -309 -309 -1323 -309 -309 -309 132 132 132 -1323 2160 132 -882 -309 -309 -309 -882 -309 1146 -309 2160 -309 1146 -882 -1323 132 1719 705 3615 -309 705 705 -1323 -882 705 705 -309 705 132 132 -1323 -309 705 -882 -1323 -1323 -309 -882 -309 -309 -309 1146 1719 -1323 -309 1719 1719 -309 1719 1587 1587 -309 1146 -1323 -309 -309 -882 1719 -1323 1146 -882 
-882 -1323 -1323 -309 -882 705 -882 -309 -309 -1323 1146 573 -309 -1323 1719 1587 1587 -1323 -309 -309 1719 573 -309 -309 705 -309 705 -309 1719 705 -1323 -309 -309 705 -309 1146 -882 -1323 1719 -1323 1719 705 705 -309 -1323 -309 705 -882 -882 1146 -309 1146 -882 1146 -1323 -309 1719 1146 -1323 132 -309 -882 1719 132 3174 -309 -882 -309 1719 -441 -309 -1323 -1323 705 -882 -309 -309 -309 1719 1146 1146 -1323 -1323 705 -882 -1323 705 -1323 1146 -309 -309 -1323 -882 -309 705 -1323 -1323 1719 705 -1323 3615 573 -309 132 -309 -1323 2733 -882 -309 -309 1146 -882 
-882 -1323 -309 -309 132 -309 -882 -1323 -1323 -1323 132 3615 -309 -309 705 -441 573 -309 -1323 -309 -309 573 -309 2733 -309 2733 -1323 -309 -1323 -309 705 -1323 -309 -1323 -309 -882 1146 -309 -309 -1323 2733 -1323 -1323 -309 -309 -1323 -309 132 132 -882 1719 -882 -882 132 705 -1323 -309 4188 -309 -882 705 132 -309 132 132 705 1146 -1323 -1323 1587 -309 -309 705 -309 1146 -1323 1719 705 1719 132 132 -309 -1323 1719 -882 705 -309 -309 132 -309 705 -309 2160 -1323 -1323 705 -309 705 -1323 1719 573 -441 705 132 -309 705 705 1146 705 -1323 132 1146 
132 -309 -309 -309 132 -1323 1146 -1323 -309 705 -882 -441 705 -1323 -1323 1587 1587 -1323 -309 -1323 -1323 573 -1323 -1323 -309 1719 705 -309 -1323 -309 705 -1323 -309 -309 -309 1146 -882 2733 -309 705 705 -309 -309 -309 705 -309 -1323 132 132 -882 705 -882 -882 4188 -1323 -309 1719 -882 -309 1146 1719 2160 705 2160 -882 1719 -882 -309 705 -441 -309 -1323 -309 705 132 705 -309 -309 -1323 3174 1146 -1323 -309 1719 132 -309 705 705 132 -309 -1323 -1323 1146 -309 -1323 705 705 705 705 -309 -441 573 705 2160 -1323 -1323 -1323 -882 -1323 -309 -882 1146 
426 1146 -882 3174 88 132 -2954 2160 -882 2160 -588 2748 132 -882 132 -1646 -294 1146 132 132 -882 -632 -882 132 132 132 1146 132 2160 132 132 132 3174 -882 -882 2454 426 132 132 1146 132 1146 132 132 -882 132 132 -588 -588 1440 132 426 426 426 1146 2160 -882 -1940 132 -2954 132 -2954 1146 1440 426 132 -1940 1146 1146 -2660 -882 132 1146 132 -926 2160 -882 132 1146 88 -926 132 -882 132 -1940 132 -882 132 -2954 -882 132 -882 3468 -882 132 132 1146 -882 -882 1146 -5026 -1646 -882 -588 3174 132 1146 -1940 -882 -882 426 -588 
1440 132 132 -882 -1940 2160 -1940 -882 132 -882 426 1734 1146 132 132 -1646 1734 2160 -882 132 132 -1646 132 -882 -882 132 -882 3174 132 132 1146 132 1146 -882 132 1440 -588 -882 1146 132 1146 5202 -882 132 -882 132 132 -588 1440 426 1146 426 -588 426 132 -882 132 88 -882 -1940 1146 -1940 132 426 426 -882 -2954 -882 1146 -1646 132 132 132 -882 -1940 132 132 132 132 -2954 -926 132 3174 -882 -926 1146 1146 1146 -1940 -882 1146 -882 426 3174 1146 1146 1146 132 132 -882 -5026 -2660 -882 1440 132 -882 -882 -926 132 2160 -588 1440 
-588 132 132 1146 -2954 -882 -1940 1146 132 -882 2454 720 1146 2160 132 -2660 -294 -882 132 132 1146 -1646 2160 132 -882 1146 1146 -882 -882 132 132 132 -882 1146 132 426 426 132 132 132 1146 2160 -882 132 1146 -882 -882 1440 426 1440 132 2454 426 1440 1146 132 1146 -2954 1146 88 132 -1940 -882 426 426 -882 -2954 -882 1146 -2660 1146 132 1146 1146 88 -882 -882 132 3174 -1940 -926 1146 -882 1146 -926 132 132 -882 -1940 132 -882 132 -588 1146 -882 -882 2160 -882 132 -882 -5026 382 -882 -588 1146 3174 132 -2954 132 -882 -588 3468 
-882 -1323 1719 705 -882 -1323 1146 -1323 -309 -1323 132 573 -309 705 -309 4629 1587 2733 -309 -1323 -309 1587 -309 -1323 -309 -309 1719 -309 705 705 -309 2733 -1323 -309 1719 -882 -882 705 -1323 -1323 705 705 1719 -1323 -309 1719 705 132 1146 132 -1323 -882 132 132 1719 -1323 -309 2160 1719 132 -309 -882 -309 132 132 -309 -882 705 -1323 -441 -309 -1323 -309 -309 1146 -1323 -1323 -309 705 1146 132 -1323 -309 -1323 -882 -1323 -309 -309 132 -309 -1323 1719 1146 -1323 705 705 -309 -1323 -309 1719 -441 573 -309 -882 -309 -309 -309 132 -1323 705 132 1146 
1440 -882 1146 1146 -926 1146 -926 1146 132 -882 -588 720 -882 1146 1146 -1646 720 132 2160 -882 -882 -1646 1146 -882 -882 132 1146 1146 -882 -882 132 -882 132 132 132 426 1440 -882 1146 -882 132 -882 -882 2160 1146 -882 -882 426 426 2454 -882 -588 1440 1440 132 132 1146 -926 2160 -1940 -882 -1940 132 -588 426 132 -2954 1146 132 -1646 132 1146 132 -882 -2954 -882 132 3174 132 -2954 -1940 -882 -882 1146 -1940 -882 132 4188 -2954 1146 -882 132 2454 -882 1146 132 132 1146 4188 -882 -2998 -2660 132 426 1146 132 132 -1940 1146 1146 426 426 
2454 132 2160 132 -1940 132 -1940 1146 2160 -882 426 720 -882 132 132 -2660 720 132 -882 2160 -882 -1646 1146 2160 1146 -882 -882 132 132 132 132 2160 -882 -882 132 426 426 4188 1146 132 132 1146 1146 132 -882 -882 -882 426 -588 426 132 1440 -588 -588 132 132 -882 -2954 2160 -2954 1146 -1940 132 2454 1440 132 -2954 1146 132 -1646 132 132 -882 2160 88 132 132 -882 -882 -2954 -926 132 -882 132 -2954 -882 -882 1146 -2954 1146 2160 -882 1440 1146 -882 1146 -882 2160 132 1146 -1984 -632 132 -588 -882 -882 132 -2954 1146 1146 426 1440 
1440 -882 -882 1146 -926 1146 -2954 -882 1146 132 1440 720 132 1146 -882 382 -294 -882 132 132 132 -1646 -882 132 132 132 -882 -882 132 1146 132 132 1146 1146 132 -588 426 132 132 -882 -882 132 -882 -882 1146 132 4188 426 426 1440 132 1440 -588 -588 2160 2160 1146 -1940 -882 -1940 -882 88 132 426 -588 132 -926 1146 -882 -2660 4188 1146 -882 132 -1940 1146 1146 -882 132 -1940 -926 -882 132 -882 -2954 1146 1146 132 -2954 2160 -882 -882 1440 1146 132 132 -882 1146 1146 1146 -5026 -2660 132 2454 -882 132 1146 -1940 132 -882 1440 2454 
-882 -1323 -309 705 132 -1323 1146 -309 705 -1323 2160 -441 1719 -1323 -309 -441 573 -309 -309 705 -309 1587 1719 -1323 -1323 -1323 -1323 705 -1323 705 -1323 705 705 -1323 -1323 132 132 -1323 1719 -1323 -1323 -1323 1719 -309 -1323 705 -1323 1146 132 1146 1719 132 132 2160 2733 1719 -309 132 -309 132 2733 1146 -1323 1146 132 -309 1146 -1323 -309 573 -309 705 -309 -309 132 -1323 -1323 -309 -1323 1146 -882 -1323 -309 705 132 -309 -1323 -309 -882 -309 -1323 -309 132 705 -309 -309 -309 -1323 -309 -309 -441 573 705 132 -309 -1323 2733 3174 1719 705 1146 -882 
-882 1719 705 -1323 -882 705 -882 -309 -309 -309 -882 1587 -309 705 705 2601 -441 705 705 2733 -309 1587 -309 705 705 -309 -309 705 705 -309 -1323 -1323 -309 -1323 -309 -882 132 -309 -1323 -309 705 -309 -309 -309 -309 -1323 -309 2160 -882 132 -1323 132 132 2160 1719 705 2733 -882 -1323 132 -1323 2160 -309 -882 -882 -1323 132 -309 -309 573 -309 -1323 -309 -1323 132 -309 705 -1323 -1323 1146 -882 -309 -1323 705 132 -309 -1323 705 132 -1323 3747 -1323 132 -309 1719 705 705 -309 705 -1323 -441 2601 -1323 -882 -1323 705 -309 1146 -1323 705 2160 132 
132 -309 705 -1323 132 -309 -882 705 -309 -309 1146 3615 -309 -309 -1323 -441 573 -309 -1323 -309 -309 1587 -309 -309 -309 705 -1323 -1323 -309 -309 705 705 -1323 -1323 -309 132 1146 -309 -1323 -1323 -1323 -309 705 -309 1719 -309 1719 -882 132 1146 -309 1146 -882 1146 -309 2733 705 -882 -1323 2160 2733 132 -309 132 -882 1719 132 705 705 573 -1323 -1323 -309 -1323 -882 -309 -1323 705 705 -882 1146 -309 -1323 -1323 2160 -309 1719 -309 -882 -1323 1719 2733 -882 -309 705 705 -1323 -1323 1719 705 2601 -441 -309 -882 705 -1323 -1323 132 -309 -309 -882 132 
-2954 132 1146 1146 1440 1146 426 132 3174 132 -1940 -2998 -882 1146 132 -2660 -2660 -882 1146 2160 2160 720 2160 -882 2160 132 1146 2160 132 132 132 132 132 -882 -882 426 426 -882 -882 132 132 132 132 -882 1146 4188 -882 -1940 88 -2954 2160 -926 -2954 -1940 132 -882 -882 1440 -882 426 -882 426 -882 -1940 -1940 2160 1440 1146 132 -1646 132 -882 132 132 426 1146 -882 -882 132 426 2454 132 -882 132 -588 -882 -882 132 1440 132 132 132 -1940 -882 -882 1146 2160 1146 2160 -882 720 -2660 -882 -926 1146 -882 -882 426 132 -882 1440 1440 
132 -309 705 -309 1146 1719 1146 -309 -309 -1323 132 -441 -309 705 -309 -441 2601 1719 2733 -1323 -309 573 1719 -309 -309 -309 -309 -309 -1323 -1323 -309 -309 -309 -1323 -309 132 -882 705 -1323 705 705 -1323 -309 -309 -1323 -309 -309 132 -882 1146 1719 2160 2160 -882 -309 -1323 -1323 -882 -1323 132 1719 132 3747 132 -882 -309 3174 -309 -1323 -441 1719 -1323 -1323 -309 1146 705 -1323 705 705 -882 132 -1323 -309 705 132 -1323 1719 -1323 132 -1323 705 -1323 1146 -309 1719 -309 -1323 -1323 -309 -309 573 1587 -309 1146 -309 705 -309 132 -1323 -1323 132 132 
-2954 1146 1146 3174 -588 2160 1440 132 132 1146 -1940 -5026 -882 132 132 -1646 -1646 132 132 -882 2160 -294 132 -882 132 132 -882 1146 132 2160 132 132 2160 -882 -882 1440 426 2160 -882 2160 1146 132 132 1146 132 -882 1146 -2954 -1940 88 132 -1940 -2954 -1940 132 132 2160 426 132 1440 132 426 132 88 88 132 -588 1146 132 382 1146 2160 -882 -882 1440 -882 2160 1146 -882 -588 -588 -882 -882 132 426 132 -882 -882 426 -882 132 1146 -2954 -882 1146 132 1146 -882 -882 132 1734 -2660 1146 -2954 -882 132 -882 2454 132 -882 -588 2454 
2160 -309 -1323 -1323 1146 -309 -882 -309 705 705 132 1587 -1323 -309 -309 -441 1587 -309 -1323 -309 705 1587 705 -1323 -309 -309 705 705 705 -1323 -1323 -1323 -309 -1323 -309 132 132 705 1719 705 -309 -1323 -1323 -309 -309 705 1719 132 1146 132 -309 -882 1146 -882 2733 -1323 2733 -882 1719 132 2733 -882 -1323 -882 132 -309 132 -309 -309 -441 -1323 -309 -309 -1323 1146 -309 -309 -1323 -309 -882 1146 -309 705 -309 -882 1719 705 -1323 1146 1719 -1323 -1323 1146 -1323 705 -1323 2733 -309 -309 -309 2601 1587 1719 -882 -1323 705 -1323 132 -1323 -309 132 -882 
-1940 132 1146 -882 1440 132 1440 2160 1146 -882 -1940 -5026 132 4188 -882 -1646 -1646 1146 1146 -882 132 2748 -882 2160 1146 -882 132 1146 132 -882 1146 132 -882 132 -882 1440 -588 -882 1146 1146 2160 132 -882 2160 -882 132 2160 -2954 -1940 -1940 -882 -1940 -1940 88 1146 2160 132 426 132 426 -882 -588 132 88 -1940 132 426 -882 132 -1646 -882 132 2160 1146 -588 -882 132 -882 -882 426 426 2160 132 1146 426 -882 2160 -882 426 1146 -882 132 -1940 1146 -882 132 132 1146 132 2160 720 -2660 -882 -1940 -882 132 132 2454 -882 -882 426 -588 
1146 705 -1323 -309 2160 -309 132 -309 -309 -309 1146 -441 -1323 -1323 -1323 573 1587 705 -1323 705 705 -441 705 -309 1719 1719 -309 -309 -1323 3747 -309 705 -309 -1323 -309 1146 132 -1323 -309 -309 705 705 -1323 -309 1719 -309 705 1146 132 -882 -309 132 132 132 -1323 -309 -309 -882 3747 132 -1323 132 -1323 -882 132 -309 2160 -1323 705 573 -1323 -309 -309 2733 -882 -1323 -309 -309 -309 1146 -882 -1323 -1323 -1323 1146 -1323 1719 705 -882 -309 705 -309 2160 -309 1719 -1323 -309 -309 -1323 -1323 573 573 -1323 1146 -309 -309 -309 2160 -309 -1323 132 132 
-588 1146 132 1146 -926 132 -1940 132 -882 132 -588 720 -882 132 132 -1646 1734 132 2160 132 2160 -2660 -882 2160 -882 132 2160 1146 -882 132 -882 132 -882 -882 1146 1440 426 132 2160 132 -882 132 1146 1146 132 132 2160 1440 426 426 132 -588 2454 426 1146 -882 132 -1940 132 88 -882 88 -882 1440 1440 132 -2954 -882 132 -1646 -882 -882 132 132 -1940 132 -882 -882 -882 -1940 88 132 132 132 -2954 132 1146 -882 -1940 132 3174 1146 -588 132 132 1146 -882 -882 -882 132 -5026 -2660 3174 2454 2160 132 132 -2954 3174 -882 426 426 
-588 -882 2160 132 -2954 132 -1940 -882 -882 -882 3468 -294 1146 1146 1146 -1646 1734 2160 -882 1146 -882 -1646 -882 -882 3174 -882 -882 -882 132 -882 132 -882 132 -882 132 426 -588 132 3174 2160 -882 132 132 -882 3174 132 -882 426 426 426 132 426 1440 -588 132 -882 -882 -1940 -882 88 132 -1940 132 1440 1440 2160 -1940 132 1146 -1646 -882 1146 132 132 -2954 1146 2160 -882 132 -926 -2954 1146 132 132 -926 1146 -882 132 -1940 132 132 132 1440 -882 2160 132 132 1146 1146 1146 -4012 -2660 1146 426 1146 2160 132 -1940 -882 -882 1440 426 
2160 705 -309 705 1146 -309 132 705 705 -1323 1146 573 705 -1323 -309 573 573 -309 -309 -309 -309 1587 705 -1323 705 1719 -1323 -309 705 -1323 -1323 -1323 -1323 705 -1323 132 132 -1323 -309 3747 -1323 -1323 705 -1323 -309 705 1719 132 -882 -882 -309 132 132 132 -309 -1323 1719 2160 -309 132 -309 132 -309 132 2160 -1323 132 -1323 -309 -441 705 -309 -1323 -1323 132 -309 -309 -309 -1323 132 -882 -309 -1323 705 132 -1323 705 2733 1146 -1323 -309 705 -882 705 -1323 -309 -1323 705 -1323 2733 -441 2601 -1323 132 2733 -309 -1323 132 705 705 -882 1146 
-1940 132 132 -882 426 132 426 132 132 1146 -1940 -4012 2160 1146 132 -1646 -2660 -882 1146 1146 132 720 -882 -882 1146 -882 -882 -882 132 132 132 -882 132 132 132 -588 426 132 2160 1146 132 132 -882 132 -882 1146 -882 -1940 -2954 -2954 -882 -2954 -2954 -926 1146 132 132 1440 3174 -588 132 426 2160 -2954 -1940 132 -588 2160 132 1396 132 -882 -882 -882 426 3174 -882 132 2160 426 426 132 -882 132 1440 -882 2160 -882 426 132 132 2160 88 3174 1146 132 132 -882 -882 -882 720 -1646 2160 -1940 132 132 132 426 2160 132 1440 2454 
1146 -1323 -309 -1323 -882 -309 1146 -309 705 1719 1146 1587 -1323 -309 1719 573 -441 705 2733 -309 -1323 573 -1323 -309 -1323 705 -1323 705 -309 705 705 705 705 -309 705 132 2160 705 705 -309 -1323 1719 1719 1719 -309 -1323 -309 1146 -882 -882 705 1146 1146 1146 -1323 -309 705 1146 -309 1146 -309 -882 -1323 -882 132 -1323 2160 -1323 705 1587 -1323 -1323 -1323 -309 -882 2733 -1323 -1323 -309 132 132 -1323 -1323 -1323 -882 -1323 -1323 -309 1146 705 -1323 -1323 -882 -309 -309 -1323 705 -309 705 2733 573 -441 -309 132 -1323 1719 -309 1146 -309 -1323 -882 1146 
132 -309 -309 -1323 -882 -309 132 -1323 3747 -309 -882 -441 3747 -309 705 1587 -441 -309 -1323 -309 -1323 -441 -309 705 -1323 -309 705 -309 -309 -309 -309 705 -1323 -1323 -1323 2160 2160 -309 -309 -1323 705 -309 705 705 1719 -1323 705 1146 1146 1146 -1323 132 132 -882 -309 -309 705 132 -1323 132 -309 132 705 132 1146 -309 132 705 -1323 573 -309 -1323 -1323 -309 1146 705 -309 705 -1323 132 132 -309 1719 -309 132 -1323 -309 -1323 -882 -1323 -309 705 2160 -309 -1323 -1323 705 1719 -1323 -1323 1587 573 -309 1146 2733 1719 -1323 2160 -309 -1323 132 -882 
-1646 1587 -441 -441 -1646 573 -2660 -441 573 1587 -632 -2851 1587 1587 -441 -4879 -485 573 -441 3615 573 -1499 1587 -441 -441 573 2601 573 1587 573 1587 573 573 1587 1587 1734 -294 2601 573 -441 573 -441 2601 3615 -441 1587 -441 -2660 -1646 -2660 -441 -1646 -1646 -2660 573 573 573 -1646 -441 382 -441 -1646 573 -1646 -1646 -441 1396 1587 573 -2851 573 -441 1587 573 -1646 -441 2601 1587 -441 -1646 -2660 -441 -441 573 -2660 1587 3615 1587 -1646 -441 -441 573 -1646 573 573 573 573 1587 573 573 -4879 -3865 1587 -2660 1587 573 2601 -1646 -441 1587 -294 1734 
132 -1323 -309 -309 132 705 132 2733 -309 705 132 -441 -309 -1323 1719 573 2601 705 -1323 3747 -1323 573 -1323 -1323 -309 -309 -309 705 -309 -1323 -309 -309 -309 705 -309 1146 -882 -1323 -1323 -309 -309 -309 -309 -309 -309 -309 -309 -882 132 1146 -309 132 132 4188 -309 -309 -1323 132 1719 1146 -1323 -882 -1323 -882 -882 705 132 -1323 -309 573 2733 -1323 -309 -309 3174 705 1719 705 705 -882 1146 -309 705 -1323 -882 705 -309 -1323 -882 -309 -309 705 -882 -1323 -309 -309 -1323 705 -309 705 573 1587 705 1146 -309 -309 -1323 1146 705 -1323 132 -882 
1146 -309 705 -309 132 1719 1146 705 -309 -309 -882 573 705 -309 -309 573 -441 1719 -1323 -309 705 -441 -309 705 1719 1719 -1323 -1323 -1323 -1323 -1323 1719 3747 -309 -309 132 2160 705 -309 -1323 -1323 -1323 -1323 705 -1323 -309 -1323 132 132 132 -1323 1146 132 1146 705 -1323 -1323 -882 -1323 2160 -309 132 -309 -882 1146 -309 -882 -1323 -1323 -441 -1323 705 -309 -1323 -882 -309 -309 -1323 705 1146 2160 705 -1323 -309 -882 -309 1719 -309 1146 705 -1323 1719 132 -1323 -309 -309 -309 705 -1323 -1323 573 1587 -309 2160 -309 -309 705 1146 -1323 2733 132 1146 
2160 -1323 -1323 705 132 -309 1146 -1323 -1323 705 132 573 705 1719 -309 3615 573 -309 -309 705 -309 -441 1719 -309 705 1719 -1323 705 -1323 -1323 -1323 -1323 -309 -1323 -1323 2160 132 -309 -309 -309 -1323 705 705 705 -1323 705 -309 1146 132 1146 -309 132 -882 -882 -309 -309 -309 132 -1323 -882 -309 2160 -309 132 132 -1323 -882 -1323 -1323 1587 -309 -309 2733 3747 1146 1719 -1323 705 705 -882 -882 -309 -1323 705 132 1719 -309 -309 132 -309 -309 1719 -882 -309 705 -1323 -309 -309 705 705 1587 -441 705 -882 -309 -1323 -1323 -882 -1323 -309 1146 -882 
132 -1323 -309 -1323 -882 -309 132 -309 -1323 705 132 1587 -1323 -309 -1323 -441 1587 -1323 -1323 -309 -309 -441 705 -309 705 -309 705 -1323 705 1719 -309 -309 -309 -309 -1323 132 132 705 -309 1719 705 -309 705 -1323 705 -309 705 132 -882 1146 -309 -882 2160 132 -309 -1323 -1323 132 -309 -882 -1323 1146 2733 132 132 -1323 -882 -309 -309 573 -309 -1323 3747 -1323 1146 705 -1323 -1323 -1323 132 1146 -309 -309 -1323 132 705 -309 -309 -882 -309 -1323 -309 -882 -309 -1323 705 -309 -309 2733 -309 1587 573 -1323 1146 -309 1719 705 4188 1719 1719 132 1146 
-1940 3174 132 -882 -588 2160 1440 -882 132 -882 -2954 -4012 1146 -882 1146 -632 -1646 1146 132 -882 132 1734 -882 132 132 132 1146 -882 132 1146 132 -882 132 132 132 426 426 1146 132 -882 132 -882 -882 -882 -882 1146 132 -926 -1940 88 1146 -2954 88 -1940 132 132 -882 426 1146 1440 1146 -588 -882 -1940 -2954 132 426 -882 1146 -1646 3174 -882 1146 1146 -588 1146 -882 -882 132 -588 426 132 -882 132 3468 1146 -882 1146 -588 2160 1146 132 -2954 132 132 132 2160 3174 -882 1146 1734 -2660 132 -2954 2160 -882 2160 426 132 132 -588 1440 
-882 -309 -309 -1323 132 705 132 -309 -309 -1323 132 573 -309 -1323 -1323 -441 573 -309 705 -1323 -309 1587 -309 -1323 -1323 -1323 -1323 -309 705 -309 -309 -309 1719 -1323 -309 -882 -882 705 705 -309 -1323 1719 -309 705 -309 -1323 705 2160 132 -882 -1323 -882 132 1146 -1323 -309 -309 1146 705 -882 -309 -882 -1323 132 1146 -309 3174 2733 705 -441 705 -309 1719 705 1146 -1323 -309 -309 -1323 132 132 705 -309 2733 -882 1719 -1323 -1323 132 -309 705 3747 132 -309 -309 -1323 -309 -309 705 -309 1587 1587 -1323 3174 705 -309 -309 -882 -1323 -309 1146 1146 
132 -1323 -309 705 2160 -1323 -882 705 -309 -309 -882 573 -1323 -309 -1323 1587 573 -309 -1323 -1323 -309 573 705 -1323 705 -1323 -1323 -309 -1323 -309 705 -309 -1323 -309 2733 -882 1146 1719 -1323 705 705 1719 705 705 -309 1719 -309 -882 132 -882 -1323 132 132 1146 -1323 705 -1323 -882 -1323 2160 -309 132 -309 -882 2160 -309 -882 -1323 -309 2601 1719 -309 -1323 -1323 -882 -309 -1323 -309 705 -882 -882 -1323 705 2733 132 1719 -309 -309 132 1719 1719 -1323 1146 -309 -1323 -1323 705 -309 -309 -309 573 573 -309 132 1719 705 705 2160 -309 -309 2160 -882 
2160 705 -1323 1719 2160 -309 -882 -1323 -1323 -309 1146 573 1719 -309 705 573 1587 -1323 -309 -309 -1323 573 -1323 -309 -1323 -1323 -309 705 -1323 -309 -309 1719 705 -1323 -309 132 -882 -309 -309 -309 1719 -1323 -309 -309 -309 705 -309 132 132 132 -309 3174 -882 -882 -309 -1323 705 -882 705 1146 -1323 -882 -309 -882 -882 -309 132 -1323 705 1587 705 -1323 705 -1323 -882 -309 -309 705 -1323 2160 -882 1719 -309 705 -882 -1323 -1323 -309 -882 705 -309 705 -882 705 -309 3747 705 -1323 -309 705 3615 -441 -309 1146 -309 1719 -309 -882 -309 705 1146 132 
-882 705 2733 -309 132 -1323 -882 -309 -1323 2733 1146 573 -309 -309 -309 1587 -441 -309 705 -309 1719 1587 -1323 -309 -309 705 -1323 -1323 -1323 -1323 -309 -1323 -1323 705 -1323 2160 132 -309 -309 -309 -1323 2733 705 705 1719 1719 -1323 1146 132 3174 705 132 -882 132 -1323 -1323 705 132 705 -882 -309 -882 -309 -882 132 -1323 2160 -309 -1323 -441 705 705 705 -1323 132 -1323 705 -1323 -1323 -882 1146 -309 -309 705 1146 -1323 705 -1323 132 705 -309 -1323 2160 -309 -1323 1719 -1323 -309 -1323 -309 1587 573 705 132 -309 -309 705 132 -309 1719 132 -882 
-926 132 -882 132 426 -882 1440 -882 -882 2160 -1940 -5026 1146 132 2160 -2660 -632 3174 -882 2160 132 -294 1146 -882 -882 132 132 -882 -882 132 1146 1146 132 2160 1146 426 426 132 2160 132 1146 132 -882 132 1146 132 3174 88 -2954 -1940 1146 -2954 -2954 -1940 1146 1146 -882 426 -882 -588 -882 426 1146 -1940 -926 132 426 132 132 -1646 -882 1146 -882 132 -588 132 -882 2160 -882 -588 3468 132 132 2160 1440 132 -882 132 1440 1146 1146 132 -1940 -882 -882 2160 132 -882 1146 132 720 382 -882 -2954 132 -882 132 426 -882 -882 426 1440 
-1940 -882 -882 -882 426 -882 426 2160 -882 132 -2954 -5026 1146 2160 -882 -2660 -632 132 1146 2160 2160 -294 132 -882 132 132 -882 -882 1146 -882 132 132 1146 -882 2160 426 2454 2160 -882 -882 132 132 -882 132 1146 132 1146 -926 -926 -926 132 -1940 -926 -926 -882 -882 1146 2454 132 -588 1146 426 -882 88 -2954 -882 426 132 132 -2660 1146 2160 -882 1146 426 132 -882 -882 1146 3468 -588 132 1146 -882 -588 1146 132 1146 1440 -882 132 -882 -1940 1146 1146 2160 -882 132 132 132 2748 -2660 -882 -2954 2160 1146 132 426 1146 132 426 -588 
-882 -309 -1323 -309 132 -309 -882 -309 705 -309 3174 573 -1323 -1323 -309 573 -441 705 -309 705 705 1587 -1323 -309 -309 -309 1719 705 705 -1323 2733 -309 -1323 705 -1323 132 1146 2733 -1323 -1323 705 -309 -1323 -1323 -1323 -309 -1323 132 132 1146 -1323 -882 132 -882 -1323 -309 -309 132 -1323 -882 -309 2160 -1323 132 1146 -309 132 -1323 -309 -441 -309 705 -309 -309 132 705 -1323 1719 -309 132 132 2733 -1323 705 132 -1323 -309 -309 132 1719 -1323 -309 132 705 3747 -309 -309 -1323 -309 705 573 1587 705 2160 705 -1323 -1323 2160 705 -309 132 132 
-882 1719 -1323 -309 -882 -309 132 -309 705 1719 2160 573 -309 1719 -1323 573 573 705 705 -1323 -309 573 705 2733 -1323 -309 -309 -309 -1323 -309 -309 -309 1719 705 1719 132 -882 -1323 -1323 1719 -309 -309 705 -309 -1323 -1323 -309 -882 3174 -882 -309 -882 -882 132 -309 -1323 -1323 -882 -309 -882 705 132 -1323 132 132 -1323 -882 -1323 1719 -441 705 -1323 -1323 -309 -882 -309 705 -309 -309 132 1146 -1323 -1323 -1323 1146 705 -1323 705 132 -1323 -1323 705 2160 705 -309 705 -1323 705 1719 -309 2601 2601 1719 132 705 -309 -309 1146 -309 -1323 2160 132 
132 -309 -309 -309 -882 -309 1146 -1323 3747 -1323 -882 573 -1323 -309 -309 -441 4629 -1323 705 -309 705 -441 -1323 705 -1323 -309 -309 -1323 -1323 -1323 -309 -1323 705 -309 705 132 -882 -309 -1323 -309 -309 1719 -309 705 705 1719 1719 132 -882 1146 -1323 1146 132 -882 705 705 -1323 132 705 132 -309 1146 -1323 132 132 705 132 -1323 -309 573 -1323 -309 705 -1323 132 2733 2733 705 705 2160 -882 705 -1323 705 1146 -309 -1323 -309 1146 -309 -309 -309 1146 -309 -309 -1323 -309 -1323 -309 -309 573 1587 -1323 -882 -309 -1323 705 132 705 1719 -882 132 
-2954 132 2160 -882 2454 1146 3468 132 1146 1146 -2954 -1984 1146 132 -882 -2660 -632 -882 -882 -882 -882 -294 132 132 1146 132 -882 132 -882 1146 1146 1146 1146 3174 132 426 426 132 1146 -882 -882 1146 132 -882 -882 -882 132 -1940 -926 -926 -882 -1940 -2954 -2954 132 132 2160 -588 132 426 -882 426 1146 -2954 -926 132 1440 -882 132 -2660 -882 -882 132 132 3468 -882 132 -882 1146 1440 -588 132 1146 1146 1440 132 132 1146 426 132 132 -882 -2954 -882 2160 1146 1146 132 1146 2160 -294 -1646 1146 -1940 1146 132 132 -588 2160 -882 2454 -588 
132 -309 -309 1719 1146 705 2160 -1323 -1323 -309 1146 -441 -309 -309 -309 -441 1587 -1323 705 -309 705 573 -1323 -309 -309 -309 -309 705 1719 705 3747 705 -1323 -309 -1323 -882 2160 -1323 705 -1323 -1323 -1323 -309 -1323 -1323 705 -309 132 1146 132 -1323 -882 -882 1146 -309 -309 -309 -882 -1323 132 1719 -882 -1323 132 1146 -1323 -882 -1323 -1323 1587 705 -309 1719 705 1146 1719 1719 -1323 -1323 132 1146 -1323 705 -309 132 -1323 705 705 1146 -309 1719 705 2160 -309 -309 -309 -1323 -309 705 -1323 573 1587 -1323 -882 -309 2733 705 -882 -1323 -309 -882 132 
1146 -1323 -309 -309 -882 -1323 132 -309 -309 -309 -882 573 -309 705 -309 573 573 -309 705 -309 -1323 573 -309 705 705 -1323 1719 1719 -309 -1323 1719 705 1719 705 -1323 132 -882 -1323 705 -1323 -309 -309 705 -1323 705 -309 705 -882 1146 132 -309 132 -882 1146 -1323 -1323 1719 -882 1719 -882 705 2160 1719 1146 -882 705 2160 -1323 -309 3615 -309 1719 -309 -309 -882 -1323 -309 -1323 705 -882 132 -309 -1323 -1323 132 705 -1323 -1323 132 705 705 -1323 -882 -1323 -309 -1323 -1323 -309 -1323 -309 573 1587 -309 132 3747 -309 -309 132 -1323 1719 132 2160 
132 -309 -1323 -1323 -882 -1323 1146 -309 -309 -309 -882 -441 -1323 -309 705 573 573 -309 705 705 1719 3615 -309 -309 705 705 -1323 705 -309 1719 -1323 -1323 -309 705 -1323 132 -882 1719 -309 -1323 -309 705 -1323 -309 -1323 -309 705 132 1146 -882 -309 4188 1146 132 -309 705 -309 132 -1323 -882 -1323 -882 705 -882 132 2733 -882 -309 -1323 1587 -1323 -309 -309 -309 1146 -1323 -309 -309 -1323 132 1146 -309 705 -309 1146 705 -1323 2733 -882 -309 -1323 705 1146 705 -309 -309 -1323 -1323 -309 -309 573 573 2733 132 1719 1719 705 132 -1323 -309 -882 132 
-1940 132 132 132 1440 1146 -588 3174 132 -882 -1940 -4012 1146 -882 1146 382 -1646 132 1146 132 -882 -294 2160 1146 -882 -882 132 132 -882 3174 132 -882 132 132 132 4482 -588 132 -882 -882 132 -882 132 -882 1146 132 132 -2954 -1940 -1940 132 -2954 -2954 -2954 -882 132 -882 1440 132 426 1146 426 -882 -1940 -1940 1146 426 1146 -882 -1646 -882 1146 132 -882 -588 132 132 -882 132 1440 1440 132 132 1146 426 1146 132 -882 1440 1146 1146 132 -1940 2160 1146 -882 132 132 2160 2160 -294 382 1146 -1940 -882 3174 132 -588 132 2160 -588 426 
132 705 705 -309 1146 -1323 -882 -1323 705 1719 132 1587 -1323 2733 1719 573 573 1719 -1323 -1323 -1323 573 -1323 -1323 -309 -1323 -309 1719 -1323 4761 -1323 -1323 -1323 -309 705 132 1146 -309 705 -309 -1323 -1323 -309 -309 -309 -309 -309 -882 -882 132 -309 1146 1146 2160 -309 -1323 -1323 132 -1323 -882 1719 1146 -309 132 132 -1323 132 705 -1323 -441 -309 705 -309 -309 2160 -309 1719 705 705 1146 -882 1719 -1323 -309 132 -309 705 -309 1146 705 -309 -309 -882 705 -1323 -309 -309 -309 -309 -1323 1587 573 -1323 1146 1719 -1323 -309 -882 -309 -309 132 132 
1146 705 -309 705 -882 -309 132 -1323 -1323 -1323 -882 573 -1323 -309 2733 573 -441 705 -309 -309 -309 1587 3747 -309 705 -1323 -309 -1323 -1323 -309 1719 -309 -309 -309 -309 132 1146 -1323 -309 -1323 -1323 705 -309 -309 -309 705 -1323 132 1146 -882 -1323 -882 2160 -882 -1323 3747 1719 132 705 132 -1323 -882 705 3174 132 -309 132 -1323 -309 -441 -309 -1323 -309 -1323 1146 705 1719 -309 -309 1146 132 -1323 -1323 -309 132 1719 705 -1323 1146 -309 -1323 -309 132 705 -309 1719 -309 -309 -1323 -309 1587 573 -309 2160 -309 -309 -1323 132 705 -309 132 132 
132 705 705 -1323 -882 705 132 2733 -309 -1323 132 1587 -309 705 -1323 1587 573 -309 -1323 -309 705 1587 -309 -309 -309 -1323 705 -1323 -1323 1719 -1323 1719 -1323 705 1719 132 1146 -1323 1719 -309 705 -309 -1323 -309 -1323 -309 -1323 -882 -882 132 1719 132 -882 -882 -309 -1323 2733 132 -1323 1146 -1323 132 -309 1146 132 705 2160 -1323 705 573 705 1719 1719 -309 132 3747 -1323 705 -1323 132 -882 -309 705 -309 -882 705 -1323 705 132 -309 -309 705 2160 -1323 -1323 -309 -1323 -1323 -309 -1323 573 1587 705 132 -309 -1323 -1323 132 -309 -309 -882 132 
426 132 1146 2160 -2954 132 -1940 1146 1146 132 426 -294 -882 1146 -882 -632 -294 -882 -882 -882 -882 -2660 -882 132 132 132 1146 -882 1146 1146 2160 -882 -882 132 -882 2454 1440 132 132 -882 132 -882 -882 1146 -882 2160 1146 3468 426 -588 1146 2454 1440 1440 132 132 -882 -1940 1146 -2954 1146 -1940 2160 -588 1440 -882 88 -882 2160 -1646 -882 132 -882 -882 -2954 132 1146 -882 2160 -1940 -1940 132 2160 1146 -2954 2160 -882 1146 -1940 -882 132 2160 -588 132 1146 2160 132 1146 132 132 -4012 -632 1146 -588 -882 -882 -882 -926 132 132 426 426 
132 -1323 -1323 2733 -882 705 1146 705 -309 -309 132 1587 2733 -1323 -309 -441 573 705 -1323 -1323 705 573 -1323 -1323 2733 -309 1719 -1323 -1323 705 -1323 -1323 -1323 -1323 -309 -882 1146 -309 -1323 705 -309 705 705 1719 -309 -1323 -309 -882 3174 1146 -1323 -882 1146 1146 705 -309 -309 -882 -309 -882 -1323 1146 -309 132 -882 705 3174 -309 -309 573 -1323 -1323 -309 -309 132 -309 -309 705 -309 -882 1146 705 705 -309 -882 -309 -1323 705 2160 705 705 -1323 132 2733 -309 -309 -1323 -309 -309 705 1587 573 -309 -882 -1323 -309 705 -882 -309 -309 132 1146 
-882 -309 -1323 1719 -882 705 2160 -1323 -309 -309 132 573 -1323 705 -1323 1587 573 -309 -309 1719 -309 -441 -309 -1323 -1323 705 -309 705 1719 -309 -1323 -1323 -309 -1323 3747 1146 132 -309 -309 -1323 -309 -1323 -1323 -1323 705 -1323 -1323 132 1146 -882 705 1146 -882 132 -309 1719 705 -882 1719 1146 705 -882 1719 132 2160 -1323 1146 -309 -1323 573 -309 -309 705 -1323 132 -309 -1323 -309 -1323 -882 1146 3747 -309 -309 2160 -309 -309 -309 1146 -1323 -309 -1323 1146 -309 -1323 -1323 -1323 705 -309 1719 573 -441 -309 1146 -309 -309 -309 132 705 705 1146 132 
132 705 705 -1323 -882 2733 -882 -309 -1323 -309 1146 -441 -1323 1719 -1323 -441 573 -1323 -309 -309 -1323 -441 -1323 -1323 705 -309 -309 -309 -309 -309 -309 -1323 -309 1719 -1323 1146 132 705 705 -309 -1323 -1323 2733 -309 -1323 705 705 132 1146 -882 705 132 1146 132 -309 705 705 1146 -309 132 -1323 132 -1323 1146 132 -309 132 -1323 -1323 573 -309 -309 -1323 705 132 -1323 -1323 3747 1719 2160 2160 -309 705 -1323 1146 -309 -1323 -309 -882 -309 1719 -309 2160 -309 -1323 -1323 1719 -1323 -1323 705 1587 573 -1323 1146 -1323 705 -309 132 -309 1719 1146 132 
2160 705 -1323 -1323 -882 -1323 132 2733 -309 -1323 132 -441 -309 -1323 -1323 1587 573 -309 705 -309 -1323 -441 -309 -309 3747 705 705 705 705 -309 705 -309 -1323 705 1719 132 -882 -1323 -309 -309 -1323 -309 -1323 1719 -1323 -309 705 1146 1146 2160 -309 132 -882 -882 -309 705 -1323 2160 -1323 1146 2733 132 -309 -882 132 -1323 132 705 705 573 -1323 -309 -309 -309 2160 -309 705 705 -1323 132 -882 -309 -1323 -309 1146 -1323 -1323 -1323 132 -309 -309 -1323 132 -1323 -1323 1719 705 -1323 -309 -1323 573 -441 705 2160 -309 705 705 132 -309 -309 1146 2160 
-882 4761 -309 -309 132 -1323 1146 -309 -309 -309 1146 573 705 -309 -309 573 -441 -1323 -309 -309 -309 573 705 -1323 -309 705 705 -309 -1323 -1323 -309 705 705 -1323 -309 132 1146 -309 1719 -1323 1719 -1323 -1323 1719 1719 705 705 -882 132 -882 -1323 1146 2160 1146 -1323 -309 -1323 1146 -1323 -882 -309 1146 -309 -882 1146 705 -882 -309 1719 1587 705 705 -309 -309 3174 -309 -309 -1323 -309 -882 132 -1323 705 -1323 132 -309 -309 -1323 132 -309 -309 -1323 1146 -309 705 -1323 -1323 -1323 705 2733 573 573 -1323 132 -1323 -1323 -309 -882 -309 1719 1146 132 
-882 -309 1719 -309 2160 705 -882 -309 -1323 705 132 1587 -309 -1323 -309 -441 573 1719 705 -309 -1323 -441 705 -309 -309 -1323 1719 -1323 -1323 -1323 1719 705 -1323 -1323 -309 132 -882 -309 -1323 705 -1323 -1323 -1323 -309 705 -1323 705 -882 132 132 -309 4188 132 1146 -309 705 1719 2160 -309 -882 -309 132 -1323 -882 1146 -1323 -882 705 -1323 573 -309 -1323 705 2733 -882 705 -309 -309 -1323 1146 132 -309 1719 -309 1146 705 -1323 -309 2160 -309 -1323 -309 132 -309 -309 -1323 -309 705 -1323 -1323 573 573 1719 -882 -309 -1323 705 1146 705 705 1146 2160 
2160 -309 -309 705 -882 -1323 -882 -309 -1323 -1323 132 1587 -1323 -309 -1323 -441 573 -309 -309 -1323 -309 -441 -309 -309 -1323 -1323 -309 -309 -309 -309 -1323 1719 705 1719 -309 1146 132 -1323 -309 -1323 -1323 705 -1323 1719 -1323 1719 -309 1146 -882 -882 1719 -882 1146 1146 -309 -1323 705 -882 -309 132 -309 2160 -1323 132 1146 2733 -882 2733 -1323 573 705 -1323 705 -309 1146 -309 -309 705 -309 132 132 705 -309 -309 2160 -1323 -309 -309 2160 -1323 -309 -1323 132 705 1719 705 -1323 2733 -1323 705 573 573 -309 -882 -309 1719 -309 2160 -1323 -1323 1146 132 
-4012 -441 573 2601 -294 -441 720 -441 573 573 -4012 -9611 -441 -441 -441 -2851 -3865 573 573 573 -441 2895 573 3615 1587 573 -441 1587 1587 573 -441 573 1587 573 573 -294 720 -441 573 573 -441 573 573 1587 3615 573 -441 -5026 -5026 -5026 -441 -2998 -1984 -5026 -441 -441 2601 720 573 1734 2601 720 573 -5026 -4012 -441 720 573 1587 -4879 573 573 1587 1587 1734 1587 573 3615 1587 720 2748 573 2601 573 -294 573 573 573 -294 1587 1587 573 -4012 1587 573 1587 573 573 573 573 -147 -2851 573 -4012 573 -441 1587 1734 573 573 720 720 
-2660 573 573 -441 -2660 573 -1646 -441 -441 -441 -1646 -2851 -441 573 1587 -3865 -2513 -441 573 573 573 -2513 573 -441 573 3615 1587 4629 573 573 -441 3615 -441 1587 -441 720 720 573 -441 2601 573 573 1587 1587 573 -441 573 -1646 -2660 382 573 -2660 -632 -2660 573 2601 -441 -2660 1587 -2660 1587 -2660 573 -2660 -2660 2601 -1646 -441 573 -3865 1587 1587 -441 573 -2660 1587 573 -441 573 382 -2660 1587 2601 1587 -1646 1587 1587 573 382 573 573 1587 -632 573 -441 573 -441 573 573 573 -2851 -2851 573 -1646 573 573 573 -1646 573 573 2748 1734 
-882 -309 -1323 -309 1146 -1323 -882 -309 -1323 705 -882 573 705 -309 3747 1587 573 -1323 705 -309 -309 -441 -309 1719 1719 -309 705 -1323 -309 -1323 -1323 705 -309 705 -1323 1146 -882 1719 -309 -1323 -1323 705 -1323 -309 -309 705 705 -882 -882 -882 -309 132 132 132 705 -1323 -309 -882 -309 1146 1719 -882 -1323 3174 1146 -1323 2160 -309 -309 1587 705 -309 705 -1323 132 -1323 -309 -309 705 -882 -882 705 1719 -1323 1146 -1323 -309 2733 1146 -1323 -309 705 1146 -309 -309 -1323 705 -1323 1719 -309 573 573 -1323 1146 -1323 -1323 -309 1146 705 -1323 1146 1146 
-588 132 1146 132 -1940 -882 88 -882 132 1146 426 2748 1146 -882 132 -2660 720 -882 132 -882 132 382 3174 132 132 1146 -882 132 1146 132 -882 132 -882 1146 1146 1440 -588 132 -882 -882 -882 -882 132 1146 132 132 2160 -588 1440 -588 -882 426 -588 2454 132 -882 -882 -926 1146 -2954 -882 -1940 1146 2454 426 132 -1940 132 1146 -2660 1146 2160 -882 1146 -2954 3174 132 1146 132 -2954 -2954 2160 132 -882 -1940 -882 132 132 -1940 1146 2160 132 -588 -882 1146 1146 2160 132 -882 -882 -4012 -1646 1146 1440 -882 2160 1146 -926 -882 1146 426 -588 
132 -309 -1323 -309 132 -1323 -882 705 -309 -309 -882 573 705 -309 -1323 573 -441 1719 705 -1323 -309 -441 -309 -309 -1323 -1323 -309 705 -309 -309 -309 -1323 -309 -1323 705 132 132 -309 -1323 -309 -1323 -1323 1719 -1323 -309 -309 -1323 3174 132 1146 -309 1146 -882 -882 -309 -1323 705 1146 -309 -882 -1323 -882 -309 2160 1146 2733 132 -1323 2733 1587 -309 -309 -309 -309 2160 705 1719 -309 -309 132 2160 705 705 -309 1146 -309 3747 1719 -882 1719 -309 -309 -882 -1323 -309 -1323 -309 -1323 -309 -309 573 573 -1323 -882 -1323 -309 705 1146 -309 -309 2160 1146 
-882 -1323 -309 -1323 1146 -309 132 -1323 705 705 -882 573 -309 705 -1323 1587 573 -309 -309 705 705 2601 -1323 705 -309 -309 705 -1323 -1323 -309 -1323 705 -309 -1323 -1323 -882 132 -1323 705 -309 705 -1323 -309 -309 -1323 705 -1323 132 -882 3174 -309 132 -882 132 -1323 705 -1323 -882 705 132 705 132 -309 132 2160 -309 132 1719 1719 573 -309 -309 -1323 1719 -882 -309 705 1719 -309 -882 1146 -1323 -309 -1323 132 2733 -309 1719 3174 -1323 -309 -1323 -882 -309 -309 705 705 -1323 -1323 1719 -441 573 -1323 2160 -309 2733 -1323 132 705 705 132 132 
132 -309 -1323 -309 -882 2733 -882 -1323 -1323 -1323 132 1587 705 -1323 -1323 -441 -441 -309 1719 -1323 705 2601 -1323 705 705 -309 -1323 -309 705 -309 705 2733 -1323 705 2733 3174 -882 -309 -309 705 -309 -1323 -309 -309 2733 705 -1323 1146 -882 132 -309 132 132 1146 2733 -309 -1323 -882 -309 -882 -1323 132 -309 132 132 -1323 132 -309 -1323 2601 -1323 705 -1323 705 2160 -309 705 -309 705 132 132 -1323 -309 705 132 705 -309 705 132 -309 -1323 -1323 -882 705 -309 -309 705 -309 705 -309 1587 573 -309 1146 705 -1323 -1323 132 -309 -309 -882 -882 
-926 132 132 -882 426 132 426 132 -882 132 -1940 -4012 -882 -882 2160 -2660 -1646 132 1146 -882 132 -294 132 132 -882 -882 1146 -882 132 132 -882 -882 -882 132 132 426 3468 -882 -882 1146 132 2160 132 -882 -882 1146 -882 -1940 -926 -2954 132 -1940 -2954 -1940 3174 1146 132 426 132 2454 132 2454 2160 -2954 -1940 132 426 1146 2160 -1646 1146 1146 -882 4188 426 -882 2160 -882 132 426 426 2160 1146 132 -588 -882 132 132 -588 -882 132 132 -926 -882 132 132 132 -882 1146 2160 1734 -1646 1146 -926 1146 132 132 1440 -882 2160 -588 426 
132 -1323 -1323 -1323 132 -1323 -882 -309 705 -309 -882 573 -1323 -309 -309 3615 573 -309 -1323 -309 -309 573 -309 -1323 -1323 1719 -1323 -309 705 705 2733 705 1719 -309 -309 132 1146 -1323 705 2733 -309 -1323 -1323 1719 -309 705 -1323 -882 132 132 -1323 1146 1146 132 1719 -1323 -309 132 -1323 132 -1323 -882 -309 3174 -882 705 2160 -309 -309 -441 705 -1323 -1323 1719 132 -1323 -309 -309 -309 -882 1146 705 -309 705 2160 -1323 -1323 -1323 132 -309 705 -309 132 -309 705 -309 -309 -309 705 -1323 573 573 705 -882 -309 705 -309 -882 2733 1719 132 132 
132 2733 705 -309 132 -1323 1146 705 -309 705 -882 573 -309 -1323 -309 2601 1587 -1323 -309 -309 -1323 573 -1323 -1323 -1323 -1323 -309 -1323 1719 -1323 -1323 -309 -309 -1323 -309 132 -882 -309 705 -309 -309 705 1719 -1323 -309 -1323 -309 -882 2160 -882 705 1146 1146 -882 705 705 -309 -882 -1323 -882 -309 -882 -1323 -882 -882 705 132 -1323 -1323 1587 -1323 2733 -309 1719 132 -309 -309 705 1719 -882 132 -309 -1323 1719 -882 -309 1719 -309 2160 -309 -309 -309 132 -309 705 1719 -309 1719 705 -1323 573 573 -1323 1146 -309 705 -309 2160 1719 -1323 -882 2160 
2454 -882 1146 -882 1440 132 1440 1146 -882 132 426 720 132 132 132 1734 -7392 -882 -882 -882 4188 -7392 132 132 132 -882 132 1146 132 132 -882 132 1146 -882 132 -7686 -7686 1146 132 -882 1146 -882 2160 1146 1146 132 -882 426 -588 -588 132 426 426 1440 1146 2160 -882 1440 132 -588 132 426 132 426 1440 -882 1440 -882 132 -294 132 132 1146 132 -588 1146 2160 1146 132 426 426 132 2160 -882 2454 -882 132 -882 -588 132 132 -882 426 132 1146 1146 1146 1146 1146 1146 720 2748 1146 426 2160 132 -882 -588 132 -882 -6672 -4644 
426 1146 -882 2160 -588 132 426 -882 132 132 426 -294 -882 132 132 -294 -7392 1146 -882 132 -882 -7392 132 3174 -882 1146 -882 -882 1146 132 132 132 -882 132 132 -7686 -7686 132 1146 132 132 1146 -882 -882 -882 1146 1146 -588 1440 3468 1146 426 1440 2454 -882 132 132 1440 132 2454 -882 -588 132 426 426 1146 2454 1146 -882 1734 -882 1146 -882 1146 1440 1146 -882 132 -882 1440 -588 132 132 132 -588 132 2160 132 426 132 132 132 426 1146 132 132 2160 132 2160 132 720 1734 1146 -588 1146 132 -882 426 132 2160 -4644 -6672 
